0 0 0 0
0 0 0 0
0 0 0 0
0 0 0 0
0 0 0 0
0 0 0 0
0 0 0 0
0 0 0 0
0 0 0 0
0 0 0 0
0 0 0 0
0 0 0 0
0 0 0 0
0 0 0 0
0 0 0 0
0 0 0 0
0 0 0 0
0 0 0 0
0 0 0 0
0 0 0 0
0 0 0 0
0 0 0 0
0 0 0 0
0 0 0 0
0 0 0 0
0 0 0 0
0 0 0 0
0 0 0 0
0 0 0 0
0 0 0 0
0 0 0 0
0 0 0 0
0 0 0 0
0 0 0 0
0 0 0 0
0 0 0 0
0 0 0 0
0 0 0 0
0 0 0 0
0 0 0 0
0 0 0 0
0 0 0 0
0 0 0 0
0 0 0 0
0 0 0 0
0 0 0 0
0 0 0 0
0 0 0 0
0 0 0 0
0 0 0 0
0 0 0 0
0 0 0 0
0 0 0 0
0 0 0 0
0 0 0 0
0 0 0 0
0 0 0 0
0 0 0 0
0 0 0 0
0 0 0 0
0 0 0 0
0 0 0 0
0 0 0 0
0 0 0 0
0 0 0 0
0 0 0 0
0 0 0 0
0 0 0 0
0 0 0 0
0 0 0 0
0 0 0 0
0 0 0 0
0 0 0 0
0 0 0 0
0 0 0 0
0 0 0 0
0 0 0 0
0 0 0 0
0 0 0 0
0 0 0 0
0 0 0 0
0 0 0 0
0 0 0 0
0 0 0 0
0 0 0 0
0 0 0 0
0 0 0 0
0 0 0 0
0 0 0 0
0 0 0 0
0 0 0 0
0 0 0 0
0 0 0 0
0 0 0 0
0 0 0 0
0 0 0 0
0 0 0 0
642 384 4 0
645 384 4 0
648 384 4 0
651 384 4 0
654 384 4 0
657 384 4 0
660 384 4 0
663 384 4 0
666 384 4 0
669 384 4 0
672 384 4 0
675 384 4 0
678 384 4 0
681 384 4 0
684 384 4 0
687 384 4 0
690 384 4 0
693 384 4 0
696 384 4 0
699 384 4 0
702 384 4 0
705 384 4 0
708 384 4 0
711 384 4 0
714 384 4 0
717 384 4 0
720 384 4 0
723 384 4 0
726 384 4 0
729 384 4 0
732 384 4 0
735 384 4 0
738 384 4 0
741 384 4 0
744 384 4 0
747 384 4 0
750 384 4 0
753 384 4 0
756 384 4 0
759 384 4 0
762 384 4 0
765 384 4 0
768 384 4 0
771 384 4 0
774 384 4 0
777 384 4 0
780 384 4 0
783 384 4 0
811 393 0 0
813 392 0 0
812 390 0 0
809 388 0 0
807 386 0 0
804 384 0 0
804 379 0 0
804 374 0 0
805 372 0 0
807 370 0 0
809 368 0 0
811 366 0 0
828 378 0 0
828 383 0 0
823 387 0 0
818 391 0 0
819 392 0 0
821 393 0 0
807 408 0 0
802 411 0 0
803 399 0 0
798 398 0 0
805 391 0 0
800 388 0 0
798 383 0 0
796 378 0 0
834 382 0 0
832 387 0 0
827 390 0 0
822 393 0 0
829 398 0 0
824 399 0 0
824 408 0 0
829 411 0 0
827 413 0 0
818 403 0 0
814 389 0 0
814 385 0 0
812 374 0 0
812 370 0 0
812 370 0 0
814 370 0 0
817 370 0 0
820 370 0 0
823 370 0 0
826 370 0 0
0 0 0 0
2 3 4 0
9 15 4 0
16 27 4 0
23 39 4 0
30 51 4 0
37 63 4 0
44 75 4 0
51 87 4 0
58 99 4 0
65 111 4 0
72 123 4 0
79 135 4 0
86 147 4 0
93 159 4 0
100 171 4 0
107 183 4 0
114 195 4 0
121 207 4 0
128 219 4 0
135 231 4 0
142 243 4 0
149 255 4 0
156 267 4 0
163 279 4 0
170 291 4 0
177 303 4 0
184 315 4 0
191 327 4 0
198 339 4 0
205 351 4 0
212 363 4 0
219 375 4 0
226 384 4 0
229 384 4 0
232 384 4 0
235 384 4 0
238 384 4 0
241 384 4 0
244 384 4 0
247 384 4 0
250 384 4 0
253 384 4 0
256 384 4 0
259 384 4 0
262 384 4 0
265 384 4 0
268 384 4 0
271 384 4 0
274 384 4 0
277 384 4 0
280 384 4 0
283 384 4 0
286 384 4 0
289 384 4 0
292 384 4 0
295 384 4 0
298 384 4 0
301 384 4 0
304 384 4 0
307 384 4 0
310 384 4 0
313 384 4 0
316 384 4 0
319 384 4 0
322 384 4 0
325 384 4 0
328 384 4 0
331 384 4 0
334 384 4 0
337 384 4 0
340 384 4 0
343 384 4 0
346 384 4 0
349 384 4 0
352 384 4 0
355 384 4 0
358 384 4 0
361 384 4 0
364 384 4 0
367 384 4 0
395 393 0 0
397 392 0 0
396 390 0 0
393 388 0 0
391 386 0 0
388 384 0 0
388 379 0 0
388 374 0 0
389 372 0 0
391 370 0 0
393 368 0 0
395 366 0 0
412 378 0 0
412 383 0 0
407 387 0 0
402 391 0 0
403 392 0 0
405 393 0 0
391 408 0 0
386 411 0 0
387 399 0 0
382 398 0 0
389 391 0 0
384 388 0 0
382 383 0 0
380 378 0 0
418 382 0 0
416 387 0 0
411 390 0 0
406 393 0 0
413 398 0 0
408 399 0 0
408 408 0 0
413 411 0 0
411 413 0 0
402 403 0 0
398 389 0 0
398 385 0 0
396 374 0 0
396 370 0 0
396 370 0 0
398 370 0 0
401 370 0 0
404 370 0 0
407 370 0 0
410 370 0 0
0 0 0 0
0 0 0 0
0 0 1 0
0 0 1 0
1 2 1 0
3 7 1 0
6 12 1 0
8 17 1 0
11 22 1 0
13 27 1 0
16 32 1 0
18 37 1 0
21 43 1 160
27 55 1 160
30 60 1 160
36 72 1 160
38 77 1 160
41 82 1 160
47 94 1 160
49 99 1 160
55 111 1 160
58 116 1 160
60 121 1 160
66 133 1 160
69 138 1 160
75 150 1 160
77 155 1 160
80 160 1 160
86 172 1 160
88 177 1 160
94 189 1 160
97 194 1 160
99 199 1 160
105 211 1 160
108 216 1 160
114 228 1 160
116 233 1 160
119 238 1 160
125 250 1 160
127 255 1 160
133 267 1 160
136 272 1 160
138 277 1 160
144 289 1 160
147 294 1 160
153 306 1 160
155 311 1 160
158 316 1 160
164 328 1 160
166 333 1 160
172 345 1 160
175 350 1 160
0 0 1 0
2 1 1 0
7 5 1 0
12 9 1 0
14 11 1 0
17 12 1 0
22 16 1 0
27 20 1 0
32 24 1 0
34 26 1 0
37 27 1 0
43 32 1 160
45 34 1 160
55 41 1 160
60 45 1 160
72 54 1 160
74 56 1 160
77 57 1 160
82 61 1 160
86 65 1 160
89 67 1 160
94 70 1 160
99 74 1 160
101 76 1 160
111 83 1 160
116 87 1 160
121 90 1 160
130 98 1 160
133 99 1 160
138 103 1 160
145 109 1 160
150 112 1 160
155 116 1 160
157 118 1 160
160 120 1 160
172 129 1 160
174 131 1 160
177 132 1 160
186 140 1 160
189 141 1 160
194 145 1 160
199 149 1 160
201 151 1 160
211 158 1 160
216 162 1 160
228 171 1 160
230 173 1 160
233 174 1 160
238 178 1 160
242 182 1 160
245 184 1 160
250 187 1 160
255 191 1 160
257 193 1 160
267 200 1 160
272 204 1 160
277 207 1 160
286 215 1 160
289 216 1 160
294 220 1 160
301 226 1 160
306 229 1 160
311 233 1 160
313 235 1 160
316 237 1 160
328 246 1 160
330 248 1 160
333 249 1 160
342 257 1 160
345 258 1 160
350 262 1 160
0 0 1 0
12 2 1 0
15 3 1 0
18 3 1 0
37 7 1 0
40 8 1 0
43 8 1 0
69 13 1 160
72 14 1 160
75 15 1 160
78 15 1 160
81 16 1 160
84 16 1 160
87 17 1 160
90 18 1 160
133 26 1 160
136 27 1 160
139 27 1 160
142 28 1 160
145 29 1 160
148 29 1 160
151 30 1 160
154 30 1 160
197 39 1 160
200 40 1 160
203 40 1 160
206 41 1 160
209 41 1 160
212 42 1 160
215 43 1 160
218 43 1 160
264 52 1 160
267 53 1 160
270 54 1 160
273 54 1 160
276 55 1 160
279 55 1 160
282 56 1 160
285 57 1 160
328 65 1 160
331 66 1 160
334 66 1 160
337 67 1 160
340 68 1 160
343 68 1 160
346 69 1 160
349 69 1 160
392 78 1 160
395 79 1 160
398 79 1 160
401 80 1 160
404 80 1 160
407 81 1 160
410 82 1 160
413 82 1 160
0 0 1 0
12 1021 1 0
15 1020 1 0
18 1020 1 0
37 1016 1 0
40 1015 1 0
43 1015 1 0
69 1010 1 160
72 1009 1 160
75 1008 1 160
78 1008 1 160
81 1007 1 160
84 1007 1 160
87 1006 1 160
90 1005 1 160
133 997 1 160
136 996 1 160
139 996 1 160
142 995 1 160
145 994 1 160
148 994 1 160
151 993 1 160
154 993 1 160
197 984 1 160
200 983 1 160
203 983 1 160
206 982 1 160
209 982 1 160
212 981 1 160
215 980 1 160
218 980 1 160
264 971 1 160
267 970 1 160
270 969 1 160
273 969 1 160
276 968 1 160
279 968 1 160
282 967 1 160
285 966 1 160
328 958 1 160
331 957 1 160
334 957 1 160
337 956 1 160
340 955 1 160
343 955 1 160
346 954 1 160
349 954 1 160
392 945 1 160
395 944 1 160
398 944 1 160
401 943 1 160
404 943 1 160
407 942 1 160
410 941 1 160
413 941 1 160
0 0 1 0
2 1022 1 0
7 1018 1 0
12 1014 1 0
14 1012 1 0
17 1011 1 0
22 1007 1 0
27 1003 1 0
32 999 1 0
34 997 1 0
37 996 1 0
43 991 1 160
45 989 1 160
55 982 1 160
60 978 1 160
72 969 1 160
74 967 1 160
77 966 1 160
82 962 1 160
86 958 1 160
89 956 1 160
94 953 1 160
99 949 1 160
101 947 1 160
111 940 1 160
116 936 1 160
121 933 1 160
130 925 1 160
133 924 1 160
138 920 1 160
145 914 1 160
150 911 1 160
155 907 1 160
157 905 1 160
160 903 1 160
172 894 1 160
174 892 1 160
177 891 1 160
186 883 1 160
189 882 1 160
194 878 1 160
199 874 1 160
201 872 1 160
211 865 1 160
216 861 1 160
228 852 1 160
230 850 1 160
233 849 1 160
238 845 1 160
242 841 1 160
245 839 1 160
250 836 1 160
255 832 1 160
257 830 1 160
267 823 1 160
272 819 1 160
277 816 1 160
286 808 1 160
289 807 1 160
294 803 1 160
301 797 1 160
306 794 1 160
311 790 1 160
313 788 1 160
316 786 1 160
328 777 1 160
330 775 1 160
333 774 1 160
342 766 1 160
345 765 1 160
350 761 1 160
0 0 1 0
1 1021 1 0
3 1016 1 0
6 1011 1 0
8 1006 1 0
11 1001 1 0
13 996 1 0
16 991 1 0
18 986 1 0
21 980 1 160
27 968 1 160
30 963 1 160
36 951 1 160
38 946 1 160
41 941 1 160
47 929 1 160
49 924 1 160
55 912 1 160
58 907 1 160
60 902 1 160
66 890 1 160
69 885 1 160
75 873 1 160
77 868 1 160
80 863 1 160
86 851 1 160
88 846 1 160
94 834 1 160
97 829 1 160
99 824 1 160
105 812 1 160
108 807 1 160
114 795 1 160
116 790 1 160
119 785 1 160
125 773 1 160
127 768 1 160
133 756 1 160
136 751 1 160
138 746 1 160
144 734 1 160
147 729 1 160
153 717 1 160
155 712 1 160
158 707 1 160
164 695 1 160
166 690 1 160
172 678 1 160
175 673 1 160
0 0 1 0
1022 1021 1 0
1020 1016 1 0
1017 1011 1 0
1015 1006 1 0
1012 1001 1 0
1010 996 1 0
1007 991 1 0
1005 986 1 0
1002 980 1 160
996 968 1 160
993 963 1 160
987 951 1 160
985 946 1 160
982 941 1 160
976 929 1 160
974 924 1 160
968 912 1 160
965 907 1 160
963 902 1 160
957 890 1 160
954 885 1 160
948 873 1 160
946 868 1 160
943 863 1 160
937 851 1 160
935 846 1 160
929 834 1 160
926 829 1 160
924 824 1 160
918 812 1 160
915 807 1 160
909 795 1 160
907 790 1 160
904 785 1 160
898 773 1 160
896 768 1 160
890 756 1 160
887 751 1 160
885 746 1 160
879 734 1 160
876 729 1 160
870 717 1 160
868 712 1 160
865 707 1 160
859 695 1 160
857 690 1 160
851 678 1 160
848 673 1 160
0 0 1 0
1021 1022 1 0
1016 1018 1 0
1011 1014 1 0
1009 1012 1 0
1006 1011 1 0
1001 1007 1 0
996 1003 1 0
991 999 1 0
989 997 1 0
986 996 1 0
980 991 1 160
978 989 1 160
968 982 1 160
963 978 1 160
951 969 1 160
949 967 1 160
946 966 1 160
941 962 1 160
937 958 1 160
934 956 1 160
929 953 1 160
924 949 1 160
922 947 1 160
912 940 1 160
907 936 1 160
902 933 1 160
893 925 1 160
890 924 1 160
885 920 1 160
878 914 1 160
873 911 1 160
868 907 1 160
866 905 1 160
863 903 1 160
851 894 1 160
849 892 1 160
846 891 1 160
837 883 1 160
834 882 1 160
829 878 1 160
824 874 1 160
822 872 1 160
812 865 1 160
807 861 1 160
795 852 1 160
793 850 1 160
790 849 1 160
785 845 1 160
781 841 1 160
778 839 1 160
773 836 1 160
768 832 1 160
766 830 1 160
756 823 1 160
751 819 1 160
746 816 1 160
737 808 1 160
734 807 1 160
729 803 1 160
722 797 1 160
717 794 1 160
712 790 1 160
710 788 1 160
707 786 1 160
695 777 1 160
693 775 1 160
690 774 1 160
681 766 1 160
678 765 1 160
673 761 1 160
0 0 1 0
1011 1021 1 0
1008 1020 1 0
1005 1020 1 0
986 1016 1 0
983 1015 1 0
980 1015 1 0
954 1010 1 160
951 1009 1 160
948 1008 1 160
945 1008 1 160
942 1007 1 160
939 1007 1 160
936 1006 1 160
933 1005 1 160
890 997 1 160
887 996 1 160
884 996 1 160
881 995 1 160
878 994 1 160
875 994 1 160
872 993 1 160
869 993 1 160
826 984 1 160
823 983 1 160
820 983 1 160
817 982 1 160
814 982 1 160
811 981 1 160
808 980 1 160
805 980 1 160
759 971 1 160
756 970 1 160
753 969 1 160
750 969 1 160
747 968 1 160
744 968 1 160
741 967 1 160
738 966 1 160
695 958 1 160
692 957 1 160
689 957 1 160
686 956 1 160
683 955 1 160
680 955 1 160
677 954 1 160
674 954 1 160
631 945 1 160
628 944 1 160
625 944 1 160
622 943 1 160
619 943 1 160
616 942 1 160
613 941 1 160
610 941 1 160
0 0 1 0
1011 2 1 0
1008 3 1 0
1005 3 1 0
986 7 1 0
983 8 1 0
980 8 1 0
954 13 1 160
951 14 1 160
948 15 1 160
945 15 1 160
942 16 1 160
939 16 1 160
936 17 1 160
933 18 1 160
890 26 1 160
887 27 1 160
884 27 1 160
881 28 1 160
878 29 1 160
875 29 1 160
872 30 1 160
869 30 1 160
826 39 1 160
823 40 1 160
820 40 1 160
817 41 1 160
814 41 1 160
811 42 1 160
808 43 1 160
805 43 1 160
759 52 1 160
756 53 1 160
753 54 1 160
750 54 1 160
747 55 1 160
744 55 1 160
741 56 1 160
738 57 1 160
695 65 1 160
692 66 1 160
689 66 1 160
686 67 1 160
683 68 1 160
680 68 1 160
677 69 1 160
674 69 1 160
631 78 1 160
628 79 1 160
625 79 1 160
622 80 1 160
619 80 1 160
616 81 1 160
613 82 1 160
610 82 1 160
0 0 1 0
1021 1 1 0
1016 5 1 0
1011 9 1 0
1009 11 1 0
1006 12 1 0
1001 16 1 0
996 20 1 0
991 24 1 0
989 26 1 0
986 27 1 0
980 32 1 160
978 34 1 160
968 41 1 160
963 45 1 160
951 54 1 160
949 56 1 160
946 57 1 160
941 61 1 160
937 65 1 160
934 67 1 160
929 70 1 160
924 74 1 160
922 76 1 160
912 83 1 160
907 87 1 160
902 90 1 160
893 98 1 160
890 99 1 160
885 103 1 160
878 109 1 160
873 112 1 160
868 116 1 160
866 118 1 160
863 120 1 160
851 129 1 160
849 131 1 160
846 132 1 160
837 140 1 160
834 141 1 160
829 145 1 160
824 149 1 160
822 151 1 160
812 158 1 160
807 162 1 160
795 171 1 160
793 173 1 160
790 174 1 160
785 178 1 160
781 182 1 160
778 184 1 160
773 187 1 160
768 191 1 160
766 193 1 160
756 200 1 160
751 204 1 160
746 207 1 160
737 215 1 160
734 216 1 160
729 220 1 160
722 226 1 160
717 229 1 160
712 233 1 160
710 235 1 160
707 237 1 160
695 246 1 160
693 248 1 160
690 249 1 160
681 257 1 160
678 258 1 160
673 262 1 160
0 0 1 0
1022 2 1 0
1020 7 1 0
1017 12 1 0
1015 17 1 0
1012 22 1 0
1010 27 1 0
1007 32 1 0
1005 37 1 0
1002 43 1 160
996 55 1 160
993 60 1 160
987 72 1 160
985 77 1 160
982 82 1 160
976 94 1 160
974 99 1 160
968 111 1 160
965 116 1 160
963 121 1 160
957 133 1 160
954 138 1 160
948 150 1 160
946 155 1 160
943 160 1 160
937 172 1 160
935 177 1 160
929 189 1 160
926 194 1 160
924 199 1 160
918 211 1 160
915 216 1 160
909 228 1 160
907 233 1 160
904 238 1 160
898 250 1 160
896 255 1 160
890 267 1 160
887 272 1 160
885 277 1 160
879 289 1 160
876 294 1 160
870 306 1 160
868 311 1 160
865 316 1 160
859 328 1 160
857 333 1 160
851 345 1 160
848 350 1 160
0 0 1 0
1 2 1 0
3 7 1 0
6 12 1 0
8 17 1 0
11 22 1 0
13 27 1 0
16 32 1 0
18 37 1 0
17 984 1 160
12 984 1 160
7 984 1 160
2 984 1 160
1021 984 1 160
1016 984 1 160
1011 984 1 160
1006 984 1 160
1006 40 1 160
1011 40 1 160
1016 40 1 160
1021 40 1 160
2 40 1 160
7 40 1 160
12 40 1 160
17 40 1 160
0 0 1 0
2 5 1 0
5 10 1 0
7 15 1 0
10 20 1 0
12 25 1 0
15 30 1 0
17 35 1 0
20 40 1 0
22 45 1 0
25 50 1 0
27 55 1 0
30 60 1 0
32 65 1 0
35 70 1 0
37 75 1 0
40 80 1 0
42 78 1 160
47 76 1 160
52 73 1 160
57 71 1 160
62 68 1 160
67 66 1 160
72 63 1 160
77 61 1 160
81 57 1 160
83 52 1 160
86 47 1 160
88 42 1 160
91 37 1 160
93 32 1 160
96 27 1 160
98 22 1 160
100 17 1 160
100 12 1 160
100 7 1 160
100 2 1 160
100 1021 1 160
100 1016 1 160
100 1011 1 160
100 1006 1 160
98 1001 1 160
96 996 1 160
93 991 1 160
91 986 1 160
88 981 1 160
86 976 1 160
83 971 1 160
81 966 1 160
77 962 1 160
72 960 1 160
67 957 1 160
62 955 1 160
57 952 1 160
52 950 1 160
47 947 1 160
42 945 1 160
981 945 1 160
976 947 1 160
971 950 1 160
966 952 1 160
961 955 1 160
956 957 1 160
951 960 1 160
946 962 1 160
942 966 1 160
940 971 1 160
937 976 1 160
935 981 1 160
932 986 1 160
930 991 1 160
927 996 1 160
925 1001 1 160
924 1006 1 160
924 1011 1 160
924 1016 1 160
924 1021 1 160
924 2 1 160
924 7 1 160
924 12 1 160
924 17 1 160
925 22 1 160
927 27 1 160
930 32 1 160
932 37 1 160
935 42 1 160
937 47 1 160
940 52 1 160
942 57 1 160
946 61 1 160
951 63 1 160
956 66 1 160
961 68 1 160
966 71 1 160
971 73 1 160
976 76 1 160
981 78 1 160
989 80 1 160
994 80 1 160
999 80 1 160
1004 80 1 160
1009 80 1 160
1014 80 1 160
1019 80 1 160
0 80 1 160
5 80 1 160
10 80 1 160
15 80 1 160
20 80 1 160
25 80 1 160
30 80 1 160
35 80 1 160
40 80 1 160
0 0 1 0
5 11 1 0
7 15 1 0
13 26 1 0
15 30 1 0
20 41 1 0
22 45 1 0
28 56 1 0
30 60 1 0
35 71 1 0
37 75 1 0
43 86 1 0
45 90 1 0
50 101 1 0
52 105 1 0
58 116 1 0
60 120 1 0
63 118 1 160
67 116 1 160
78 110 1 160
82 108 1 160
93 103 1 160
97 101 1 160
108 95 1 160
112 93 1 160
121 86 1 160
123 82 1 160
129 71 1 160
131 67 1 160
136 56 1 160
138 52 1 160
144 41 1 160
146 37 1 160
150 26 1 160
150 22 1 160
150 11 1 160
150 7 1 160
150 1020 1 160
150 1016 1 160
150 1005 1 160
150 1001 1 160
148 990 1 160
146 986 1 160
140 975 1 160
138 971 1 160
133 960 1 160
131 956 1 160
125 945 1 160
123 941 1 160
116 932 1 160
112 930 1 160
101 924 1 160
97 922 1 160
86 917 1 160
82 915 1 160
71 909 1 160
67 907 1 160
48 904 1 160
33 904 1 160
18 904 1 160
3 904 1 160
1012 904 1 160
997 904 1 160
982 904 1 160
967 904 1 160
960 905 1 160
956 907 1 160
945 913 1 160
941 915 1 160
930 920 1 160
926 922 1 160
915 928 1 160
911 930 1 160
902 937 1 160
900 941 1 160
894 952 1 160
892 956 1 160
887 967 1 160
885 971 1 160
879 982 1 160
877 986 1 160
874 997 1 160
874 1001 1 160
874 1012 1 160
874 1016 1 160
874 3 1 160
874 7 1 160
874 18 1 160
874 22 1 160
0 0 0 0
0 0 0 0
0 0 0 0
0 0 0 0
0 0 0 0
0 0 0 0
0 0 0 0
0 0 0 0
0 0 0 0
0 0 0 0
0 0 0 0
0 0 0 0
0 0 0 0
0 0 0 0
0 0 0 0
0 0 0 0
0 0 0 0
0 0 0 0
0 0 0 0
0 0 0 0
0 0 0 0
0 0 0 0
0 0 0 0
0 0 0 0
0 0 0 0
0 0 0 0
0 0 0 0
0 0 0 0
0 0 0 0
0 0 0 0
0 0 0 0
0 0 0 0
0 0 0 0
0 0 0 0
0 0 0 0
0 0 0 0
0 0 0 0
0 0 0 0
0 0 0 0
0 0 0 0
0 0 0 0
0 0 0 0
0 0 0 0
0 0 0 0
0 0 0 0
0 0 0 0
0 0 0 0
0 0 0 0
0 0 0 0
0 0 0 0
0 0 0 0
0 0 0 0
0 0 0 0
0 0 0 0
0 0 0 0
0 0 0 0
0 0 0 0
0 0 0 0
0 0 0 0
0 0 0 0
0 0 0 0
0 0 0 0
0 0 0 0
0 0 0 0
0 0 0 0
0 0 0 0
0 0 0 0
0 0 0 0
0 0 0 0
0 0 0 0
0 0 0 0
0 0 0 0
0 0 0 0
0 0 0 0
0 0 0 0
0 0 0 0
0 0 0 0
0 0 0 0
0 0 0 0
0 0 0 0
0 0 0 0
0 0 0 0
0 0 0 0
0 0 0 0
0 0 0 0
0 0 0 0
0 0 0 0
0 0 0 0
0 0 0 0
0 0 0 0
0 0 0 0
0 0 0 0
0 0 0 0
0 0 0 0
0 0 0 0
0 0 0 0
0 0 0 0
0 0 0 0
0 0 0 0
0 0 0 0
0 0 0 0
0 0 0 0
0 0 0 0
0 0 0 0
0 0 0 0
0 0 0 0
0 0 0 0
0 0 0 0
0 0 0 0
0 0 0 0
0 0 0 0
0 0 0 0
0 0 0 0
0 0 0 0
0 0 0 0
0 0 0 0
0 0 0 0
0 0 0 0
0 0 0 0
0 0 0 0
0 0 0 0
0 0 0 0
0 0 0 0
0 0 0 0
0 0 0 0
0 0 0 0
0 0 0 0
0 0 0 0
0 0 0 0
0 0 0 0
0 0 0 0
0 0 0 0
0 0 0 0
0 0 0 0
0 0 0 0
0 0 0 0
0 0 0 0
0 0 0 0
0 0 0 0
0 0 0 0
0 0 0 0
0 0 0 0
0 0 0 0
0 0 0 0
0 0 0 0
0 0 0 0
0 0 0 0
0 0 0 0
0 0 0 0
0 0 0 0
0 0 0 0
0 0 0 0
0 0 0 0
0 0 0 0
0 0 0 0
0 0 0 0
0 0 0 0
0 0 0 0
0 0 0 0
0 0 0 0
0 0 0 0
0 0 0 0
0 0 0 0
0 0 0 0
0 0 0 0
0 0 0 0
0 0 0 0
0 0 0 0
0 0 0 0
0 0 0 0
0 0 0 0
0 0 0 0
0 0 0 0
0 0 0 0
0 0 0 0
0 0 0 0
0 0 0 0
0 0 0 0
0 0 0 0
0 0 0 0
0 0 0 0
0 0 0 0
0 0 0 0
0 0 0 0
0 0 0 0
0 0 0 0
0 0 0 0
0 0 0 0
0 0 0 0
0 0 0 0
0 0 0 0
0 0 0 0
0 0 0 0
0 0 0 0
0 0 0 0
0 0 0 0
0 0 0 0
0 0 0 0
0 0 0 0
0 0 0 0
0 0 0 0
0 0 0 0
0 0 0 0
0 0 0 0
0 0 0 0
0 0 0 0
0 0 0 0
0 0 0 0
0 0 0 0
0 0 0 0
0 0 0 0
0 0 0 0
0 0 0 0
0 0 0 0
0 0 0 0
0 0 0 0
0 0 0 0
0 0 0 0
0 0 0 0
0 0 0 0
0 0 0 0
0 0 0 0
0 0 0 0
0 0 0 0
0 0 0 0
0 0 0 0
0 0 0 0
0 0 0 0
0 0 0 0
0 0 0 0
0 0 0 0
0 0 0 0
0 0 0 0
0 0 0 0
0 0 0 0
0 0 0 0
0 0 0 0
0 0 0 0
0 0 0 0
0 0 0 0
0 0 0 0
0 0 0 0
0 0 0 0
0 0 0 0
0 0 0 0
0 0 0 0
0 0 0 0
0 0 0 0
0 0 0 0
0 0 0 0
0 0 0 0
0 0 0 0
0 0 0 0
0 0 0 0
0 0 0 0
0 0 0 0
0 0 0 0
0 0 0 0
0 0 0 0
0 0 0 0
0 0 0 0
0 0 0 0
0 0 0 0
0 0 0 0
0 0 0 0
0 0 0 0
0 0 0 0
0 0 0 0
0 0 0 0
0 0 0 0
0 0 0 0
0 0 0 0
0 0 0 0
0 0 0 0
0 0 0 0
0 0 0 0
0 0 0 0
0 0 0 0
0 0 0 0
0 0 0 0
0 0 0 0
0 0 0 0
0 0 0 0
0 0 0 0
0 0 0 0
0 0 0 0
0 0 0 0
0 0 0 0
0 0 0 0
0 0 0 0
0 0 0 0
0 0 0 0
0 0 0 0
0 0 0 0
0 0 0 0
0 0 0 0
0 0 0 0
0 0 0 0
0 0 0 0
0 0 0 0
0 0 0 0
0 0 0 0
0 0 0 0
0 0 0 0
0 0 0 0
0 0 0 0
0 0 0 0
0 0 0 0
0 0 0 0
0 0 0 0
0 0 0 0
0 0 0 0
0 0 0 0
0 0 0 0
0 0 0 0
0 0 0 0
0 0 0 0
0 0 0 0
0 0 0 0
0 0 0 0
0 0 0 0
0 0 0 0
0 0 0 0
0 0 0 0
0 0 0 0
0 0 0 0
0 0 0 0
0 0 0 0
0 0 0 0
0 0 0 0
0 0 0 0
0 0 0 0
0 0 0 0
0 0 0 0
0 0 0 0
0 0 0 0
0 0 0 0
0 0 0 0
0 0 0 0
0 0 0 0
0 0 0 0
0 0 0 0
0 0 0 0
0 0 0 0
0 0 0 0
0 0 0 0
0 0 0 0
0 0 0 0
0 0 0 0
0 0 0 0
0 0 0 0
0 0 0 0
0 0 0 0
0 0 0 0
0 0 0 0
0 0 0 0
0 0 0 0
0 0 0 0
0 0 0 0
0 0 0 0
0 0 0 0
0 0 0 0
0 0 0 0
0 0 0 0
0 0 0 0
0 0 0 0
0 0 0 0
0 0 0 0
0 0 0 0
0 0 0 0
0 0 0 0
0 0 0 0
0 0 0 0
0 0 0 0
0 0 0 0
0 0 0 0
0 0 0 0
0 0 0 0
0 0 0 0
0 0 0 0
0 0 0 0
0 0 0 0
0 0 0 0
0 0 0 0
0 0 0 0
0 0 0 0
0 0 0 0
0 0 0 0
0 0 0 0
0 0 0 0
0 0 0 0
0 0 0 0
0 0 0 0
0 0 0 0
0 0 0 0
0 0 0 0
0 0 0 0
0 0 0 0
0 0 0 0
0 0 0 0
0 0 0 0
0 0 0 0
0 0 0 0
0 0 0 0
0 0 0 0
0 0 0 0
0 0 0 0
0 0 0 0
0 0 0 0
0 0 0 0
0 0 0 0
0 0 0 0
0 0 0 0
0 0 0 0
0 0 0 0
0 0 0 0
0 0 0 0
0 0 0 0
0 0 0 0
0 0 0 0
0 0 0 0
0 0 0 0
0 0 0 0
0 0 0 0
0 0 0 0
0 0 0 0
0 0 0 0
0 0 0 0
0 0 0 0
0 0 0 0
0 0 0 0
0 0 0 0
0 0 0 0
0 0 0 0
0 0 0 0
0 0 0 0
0 0 0 0
0 0 0 0
0 0 0 0
0 0 0 0
0 0 0 0
0 0 0 0
0 0 0 0
0 0 0 0
0 0 0 0
0 0 0 0
0 0 0 0
0 0 0 0
0 0 0 0
0 0 0 0
0 0 0 0
0 0 0 0
0 0 0 0
0 0 0 0
0 0 0 0
0 0 0 0
0 0 0 0
0 0 0 0
0 0 0 0
0 0 0 0
0 0 0 0
0 0 0 0
0 0 0 0
0 0 0 0
0 0 0 0
0 0 0 0
0 0 0 0
0 0 0 0
0 0 0 0
0 0 0 0
0 0 0 0
0 0 0 0
0 0 0 0
0 0 0 0
0 0 0 0
0 0 0 0
0 0 0 0
0 0 0 0
0 0 0 0
0 0 0 0
0 0 0 0
0 0 0 0
0 0 0 0
0 0 0 0
0 0 0 0
0 0 0 0
0 0 0 0
0 0 0 0
0 0 0 0
0 0 0 0
0 0 0 0
0 0 0 0
0 0 0 0
0 0 0 0
0 0 0 0
0 0 0 0
0 0 0 0
0 0 0 0
0 0 0 0
0 0 0 0
0 0 0 0
0 0 0 0
0 0 0 0
0 0 0 0
0 0 0 0
0 0 0 0
0 0 0 0
0 0 0 0
0 0 0 0
0 0 0 0
0 0 0 0
0 0 0 0
0 0 0 0
0 0 0 0
0 0 0 0
0 0 0 0
0 0 0 0
0 0 0 0
0 0 0 0
0 0 0 0
0 0 0 0
0 0 0 0
0 0 0 0
0 0 0 0
0 0 0 0
0 0 0 0
0 0 0 0
0 0 0 0
0 0 0 0
0 0 0 0
0 0 0 0
0 0 0 0
0 0 0 0
0 0 0 0
0 0 0 0
0 0 0 0
0 0 0 0
0 0 0 0
0 0 0 0
0 0 0 0
0 0 0 0
0 0 0 0
0 0 0 0
0 0 0 0
0 0 0 0
0 0 0 0
0 0 0 0
0 0 0 0
0 0 0 0
0 0 0 0
0 0 0 0
0 0 0 0
0 0 0 0
0 0 0 0
0 0 0 0
0 0 0 0
0 0 0 0
0 0 0 0
0 0 0 0
0 0 0 0
0 0 0 0
0 0 0 0
0 0 0 0
0 0 0 0
0 0 0 0
0 0 0 0
0 0 0 0
0 0 0 0
0 0 0 0
0 0 0 0
0 0 0 0
0 0 0 0
0 0 0 0
0 0 0 0
0 0 0 0
0 0 0 0
0 0 0 0
0 0 0 0
0 0 0 0
0 0 0 0
0 0 0 0
0 0 0 0
0 0 0 0
0 0 0 0
0 0 0 0
0 0 0 0
0 0 0 0
0 0 0 0
0 0 0 0
0 0 0 0
0 0 0 0
0 0 0 0
0 0 0 0
0 0 0 0
0 0 0 0
0 0 0 0
0 0 0 0
0 0 0 0
0 0 0 0
0 0 0 0
0 0 0 0
0 0 0 0
0 0 0 0
0 0 0 0
0 0 0 0
0 0 0 0
0 0 0 0
0 0 0 0
0 0 0 0
0 0 0 0
0 0 0 0
0 0 0 0
0 0 0 0
0 0 0 0
0 0 0 0
0 0 0 0
0 0 0 0
0 0 0 0
0 0 0 0
0 0 0 0
0 0 0 0
0 0 0 0
0 0 0 0
0 0 0 0
0 0 0 0
0 0 0 0
0 0 0 0
0 0 0 0
0 0 0 0
0 0 0 0
0 0 0 0
0 0 0 0
0 0 0 0
0 0 0 0
0 0 0 0
0 0 0 0
0 0 0 0
0 0 0 0
0 0 0 0
0 0 0 0
0 0 0 0
0 0 0 0
0 0 0 0
0 0 0 0
0 0 0 0
0 0 0 0
0 0 0 0
0 0 0 0
0 0 0 0
0 0 0 0
0 0 0 0
0 0 0 0
0 0 0 0
0 0 0 0
0 0 0 0
0 0 0 0
0 0 0 0
0 0 0 0
0 0 0 0
0 0 0 0
0 0 0 0
0 0 0 0
0 0 0 0
0 0 0 0
0 0 0 0
0 0 0 0
0 0 0 0
0 0 0 0
0 0 0 0
0 0 0 0
0 0 0 0
0 0 0 0
0 0 0 0
0 0 0 0
0 0 0 0
0 0 0 0
0 0 0 0
0 0 0 0
0 0 0 0
0 0 0 0
0 0 0 0
0 0 0 0
0 0 0 0
0 0 0 0
0 0 0 0
0 0 0 0
0 0 0 0
0 0 0 0
0 0 0 0
0 0 0 0
0 0 0 0
0 0 0 0
0 0 0 0
0 0 0 0
0 0 0 0
0 0 0 0
0 0 0 0
0 0 0 0
0 0 0 0
0 0 0 0
0 0 0 0
0 0 0 0
0 0 0 0
0 0 0 0
0 0 0 0
0 0 0 0
0 0 0 0
0 0 0 0
0 0 0 0
0 0 0 0
0 0 0 0
0 0 0 0
0 0 0 0
0 0 0 0
0 0 0 0
0 0 0 0
0 0 0 0
0 0 0 0
0 0 0 0
0 0 0 0
0 0 0 0
0 0 0 0
0 0 0 0
0 0 0 0
0 0 0 0
0 0 0 0
0 0 0 0
0 0 0 0
0 0 0 0
0 0 0 0
0 0 0 0
0 0 0 0
0 0 0 0
0 0 0 0
0 0 0 0
0 0 0 0
0 0 0 0
0 0 0 0
0 0 0 0
0 0 0 0
0 0 0 0
0 0 0 0
0 0 0 0
0 0 0 0
0 0 0 0
0 0 0 0
0 0 0 0
0 0 0 0
0 0 0 0
0 0 0 0
0 0 0 0
0 0 0 0
0 0 0 0
0 0 0 0
0 0 0 0
0 0 0 0
0 0 0 0
0 0 0 0
0 0 0 0
0 0 0 0
0 0 0 0
0 0 0 0
0 0 0 0
0 0 0 0
0 0 0 0
0 0 0 0
0 0 0 0
0 0 0 0
0 0 0 0
0 0 0 0
0 0 0 0
0 0 0 0
0 0 0 0
0 0 0 0
0 0 0 0
0 0 0 0
0 0 0 0
0 0 0 0
0 0 0 0
0 0 0 0
0 0 0 0
0 0 0 0
0 0 0 0
0 0 0 0
0 0 0 0
0 0 0 0
0 0 0 0
0 0 0 0
0 0 0 0
0 0 0 0
0 0 0 0
0 0 0 0
0 0 0 0
0 0 0 0
0 0 0 0
0 0 0 0
0 0 0 0
0 0 0 0
0 0 0 0
0 0 0 0
0 0 0 0
0 0 0 0
0 0 0 0
0 0 0 0
0 0 0 0
0 0 0 0
0 0 0 0
0 0 0 0
0 0 0 0
0 0 0 0
0 0 0 0
0 0 0 0
0 0 0 0
0 0 0 0
0 0 0 0
0 0 0 0
0 0 0 0
0 0 0 0
0 0 0 0
0 0 0 0
0 0 0 0
0 0 0 0
0 0 0 0
0 0 0 0
0 0 0 0
0 0 0 0
0 0 0 0
0 0 0 0
0 0 0 0
0 0 0 0
0 0 0 0
0 0 0 0
0 0 0 0
0 0 0 0
0 0 0 0
0 0 0 0
0 0 0 0
0 0 0 0
0 0 0 0
0 0 0 0
0 0 0 0
0 0 0 0
0 0 0 0
0 0 0 0
0 0 0 0
0 0 0 0
0 0 0 0
0 0 0 0
0 0 0 0
0 0 0 0
0 0 0 0
0 0 0 0
0 0 0 0
0 0 0 0
0 0 0 0
0 0 0 0
0 0 0 0
0 0 0 0
0 0 0 0
0 0 0 0
0 0 0 0
0 0 0 0
0 0 0 0
0 0 0 0
0 0 0 0
0 0 0 0
0 0 0 0
0 0 0 0
0 0 0 0
0 0 0 0
0 0 0 0
0 0 0 0
0 0 0 0
0 0 0 0
0 0 0 0
0 0 0 0
0 0 0 0
0 0 0 0
0 0 0 0
0 0 0 0
0 0 0 0
0 0 0 0
0 0 0 0
0 0 0 0
0 0 0 0
0 0 0 0
0 0 0 0
0 0 0 0
0 0 0 0
0 0 0 0
0 0 0 0
0 0 0 0
0 0 0 0
0 0 0 0
0 0 0 0
0 0 0 0
0 0 0 0
0 0 0 0
0 0 0 0
0 0 0 0
0 0 0 0
0 0 0 0
0 0 0 0
0 0 0 0
0 0 0 0
0 0 0 0
0 0 0 0
0 0 0 0
0 0 0 0
0 0 0 0
0 0 0 0
0 0 0 0
0 0 0 0
0 0 0 0
0 0 0 0
0 0 0 0
0 0 0 0
0 0 0 0
0 0 0 0
0 0 0 0
0 0 0 0
0 0 0 0
0 0 0 0
0 0 0 0
0 0 0 0
0 0 0 0
0 0 0 0
0 0 0 0
0 0 0 0
0 0 0 0
0 0 0 0
0 0 0 0
0 0 0 0
0 0 0 0
0 0 0 0
0 0 0 0
0 0 0 0
0 0 0 0
0 0 0 0
0 0 0 0
0 0 0 0
0 0 0 0
0 0 0 0
0 0 0 0
0 0 0 0
0 0 0 0
0 0 0 0
0 0 0 0
0 0 0 0
0 0 0 0
0 0 0 0
0 0 0 0
0 0 0 0
0 0 0 0
0 0 0 0
0 0 0 0
0 0 0 0
0 0 0 0
0 0 0 0
0 0 0 0
0 0 0 0
0 0 0 0
0 0 0 0
0 0 0 0
0 0 0 0
0 0 0 0
0 0 0 0
0 0 0 0
0 0 0 0
0 0 0 0
0 0 0 0
0 0 0 0
0 0 0 0
0 0 0 0
0 0 0 0
0 0 0 0
0 0 0 0
0 0 0 0
0 0 0 0
0 0 0 0
0 0 0 0
0 0 0 0
0 0 0 0
0 0 0 0
0 0 0 0
0 0 0 0
0 0 0 0
0 0 0 0
0 0 0 0
0 0 0 0
0 0 0 0
0 0 0 0
0 0 0 0
0 0 0 0
0 0 0 0
0 0 0 0
0 0 0 0
0 0 0 0
0 0 0 0
0 0 0 0
0 0 0 0
0 0 0 0
0 0 0 0
0 0 0 0
0 0 0 0
0 0 0 0
0 0 0 0
0 0 0 0
0 0 0 0
0 0 0 0
0 0 0 0
0 0 0 0
0 0 0 0
0 0 0 0
0 0 0 0
0 0 0 0
0 0 0 0
0 0 0 0
0 0 0 0
0 0 0 0
0 0 0 0
0 0 0 0
0 0 0 0
0 0 0 0
0 0 0 0
0 0 0 0
0 0 0 0
0 0 0 0
0 0 0 0
0 0 0 0
0 0 0 0
0 0 0 0
0 0 0 0
0 0 0 0
0 0 0 0
0 0 0 0
0 0 0 0
0 0 0 0
0 0 0 0
0 0 0 0
0 0 0 0
0 0 0 0
0 0 0 0
0 0 0 0
0 0 0 0
0 0 0 0
0 0 0 0
0 0 0 0
0 0 0 0
0 0 0 0
0 0 0 0
0 0 0 0
0 0 0 0
0 0 0 0
0 0 0 0
0 0 0 0
0 0 0 0
0 0 0 0
0 0 0 0
0 0 0 0
0 0 0 0
0 0 0 0
0 0 0 0
0 0 0 0
0 0 0 0
0 0 0 0
0 0 0 0
0 0 0 0
0 0 0 0
0 0 0 0
0 0 0 0
0 0 0 0
0 0 0 0
0 0 0 0
0 0 0 0
0 0 0 0
0 0 0 0
0 0 0 0
0 0 0 0
0 0 0 0
0 0 0 0
0 0 0 0
0 0 0 0
0 0 0 0
0 0 0 0
0 0 0 0
0 0 0 0
0 0 0 0
0 0 0 0
0 0 0 0
0 0 0 0
0 0 0 0
0 0 0 0
0 0 0 0
0 0 0 0
0 0 0 0
0 0 0 0
0 0 0 0
0 0 0 0
0 0 0 0
0 0 0 0
0 0 0 0
0 0 0 0
0 0 0 0
0 0 0 0
0 0 0 0
0 0 0 0
0 0 0 0
0 0 0 0
0 0 0 0
0 0 0 0
0 0 0 0
0 0 0 0
0 0 0 0
0 0 0 0
0 0 0 0
0 0 0 0
0 0 0 0
0 0 0 0
0 0 0 0
0 0 0 0
0 0 0 0
0 0 0 0
0 0 0 0
0 0 0 0
0 0 0 0
0 0 0 0
0 0 0 0
0 0 0 0
0 0 0 0
0 0 0 0
0 0 0 0
0 0 0 0
0 0 0 0
0 0 0 0
0 0 0 0
0 0 0 0
0 0 0 0
0 0 0 0
0 0 0 0
0 0 0 0
0 0 0 0
0 0 0 0
0 0 0 0
0 0 0 0
0 0 0 0
0 0 0 0
0 0 0 0
0 0 0 0
0 0 0 0
0 0 0 0
0 0 0 0
0 0 0 0
0 0 0 0
0 0 0 0
0 0 0 0
0 0 0 0
0 0 0 0
0 0 0 0
0 0 0 0
0 0 0 0
0 0 0 0
0 0 0 0
0 0 0 0
0 0 0 0
0 0 0 0
0 0 0 0
0 0 0 0
0 0 0 0
0 0 0 0
0 0 0 0
0 0 0 0
0 0 0 0
0 0 0 0
0 0 0 0
0 0 0 0
0 0 0 0
0 0 0 0
0 0 0 0
0 0 0 0
0 0 0 0
0 0 0 0
0 0 0 0
0 0 0 0
0 0 0 0
0 0 0 0
